,Unnamed: 0,Unnamed: 0.1,Unnamed: 0.1.1,10,20,30,40,50,100,200
0,0,0,0,129888.88888888888,130744.44444444442,130200.0,130938.88888888892,130511.11111111108,130837.77777777777,130977.77777777785
1,1,1,1,131755.55555555553,129655.55555555556,131029.6296296296,132222.22222222228,131942.22222222225,130666.66666666664,130674.44444444444
2,2,2,2,132533.3333333333,130899.99999999996,130200.0,130588.88888888888,131040.0,130604.44444444444,130899.99999999999
3,3,3,3,131133.33333333334,131911.11111111112,130459.25925925926,130161.1111111111,130884.44444444444,130713.33333333336,129865.55555555562
4,4,4,4,130511.1111111111,130977.7777777778,130562.96296296292,130238.88888888892,129826.66666666666,130495.55555555556,130130.00000000007
5,5,5,5,132066.6666666667,130200.0,131081.48148148146,131444.44444444444,130075.55555555556,130495.55555555562,
6,6,6,6,130355.55555555556,132377.77777777778,131444.44444444444,129772.22222222218,131164.4444444444,130355.55555555558,
7,7,7,7,130822.22222222222,130122.22222222223,131237.03703703705,131988.88888888888,130666.66666666666,130775.55555555558,
8,8,8,8,131133.3333333333,131133.33333333334,130096.29629629628,131016.66666666669,131475.5555555556,130557.7777777778,
9,9,9,9,132066.66666666666,130433.3333333333,130562.96296296296,131444.44444444444,130044.44444444444,130557.7777777778,
