,10,20,30,40,50,100,200
0,75321167.17888889,77087196.89000002,76792858.60481484,76866443.17611113,76486746.78822227,76645689.46222228,76950329.58738871
1,77352101.34666666,76778141.69055557,77087196.89000003,76888518.54750003,77051876.29577781,76839952.73044448,76879688.39894432
2,76645689.46222222,77087196.89000002,77352101.34666671,77396252.08944447,75956937.87488893,76442596.0454445,76897348.69605541
3,75762674.60666665,76689840.20500001,76910593.91888891,76932669.29027781,76327804.11422224,76327804.11422227,76694255.27927762
4,75586071.63555555,77087196.89000002,77263799.86111113,76756066.31916669,76733990.94777781,77140177.78133337,77104857.18711096
5,76998895.40444444,76998895.40444446,76145314.37740745,76424935.74833336,76769311.54200004,76937084.3645556,76831122.58188875
6,74967961.23666666,76689840.205,76616255.63370372,77153423.00416669,76875273.3246667,76990065.25588892,76817877.35905543
7,76115880.54888889,76424935.74833336,75350601.00740744,77153423.00416669,77334441.0495556,76990065.25588894,76844367.80472203
8,76469086.49111111,76910593.91888891,77028329.23296298,76998895.40444449,76910593.91888893,76778141.6905556,76610368.86799987
9,77617005.80333333,77749458.03166667,77175498.37555557,77087196.89000002,76963574.81022225,76698670.35355562,76773726.6162776
